2935.4
2778.4
2848.6
2970.9
2979.8
2999.7
3106.7
3202.9
3176.2
3282.4
3195.7
3306
3283.6
3372.5
3416.4
3407.7
3456.9
3530.3
3546.1
3561.9
3674.7
3786.3
3942.8
4053.1
4880.2
4878.4
5087.2
5207
4972.3
5034
4957.1
5079.8
5113
5352.9
5461.6
5644.3
5757.7
5816.5
5978.8
6158.3
6341.8
6310.6
6187.5
6248.3
6580.9
6779.1
6593.6
6421
5697
5674.7
5409.7
5656.9
5773.9
5332.8
5052.6
5215.5
4631.3
3982.7
3672.7
3659.3
3478.1
3296.9
3532.3
3744.7
3813.3
3947.8
4249.5
4484.1
4739.3
4646.9
4715.5
4882.7
4596.9
4651.1
4893.1
4833.9
4453.6
4324.8
4507.4
4438.8
4636.9
4733.4
4676.4
4846.9
4849.9
4923.6
4928.6
4899
4788.9
4659.8
4500.5
4369.9
4070.1
4360.5
4184.67
4111
4325.7
4388.1
4420
4467.2
4133.7
4135.5
4289.4
4339
4406.3
4535.4
4518
4664.6
4901
5120.4
4979.9
5168.6
4914
5035.7
4775.4
5125.3
5217.7
5420.3
5314.3
5353.1
5205.1
5415.4
5403
5470.8
5473.8
5382
5623.1
5624.6
5296.8
5505.02
5298.1
5388.6
5551.6
5898.5
5861.9
5773.67
5774.9
5451.2
5681.7
5222.1
5058.6
5288.6
5218.2
5344.6
5056.6
4947.9
5151.8
5316
5447.8
5310.4
5644
5529.4
5525.2
5402.4
5502.4
5719.1
5675
5761
5903.8
5947.6
5761.3
